[matrix([[ 3.6584892,  3.3495799,  3.3495799,  3.3495799]]), matrix([[  0.924674  ,  15.00065467],
        [  0.924674  ,  15.00065467],
        [  0.924674  ,  15.00065467]])]
[[1, 1], [1, 1], [1, 1]]
[[1, 1, 1, 1]]
10.9439804153
[matrix([[ 3.01391144,  2.23841008,  2.23841008,  2.23841008]]), matrix([[  0.75285963,  12.16815092],
        [  0.75285963,  12.16815092],
        [  0.75285963,  12.16815092]])]
[[0.9075326003173979, -0.5000654667486892], [0.9075326003173979, -0.5000654667486892], [0.9075326003173979, -0.5000654667486892]]
[[1, 1, 1, 1]]
8.55106589936
[matrix([[ 2.77751158,  1.84122362,  1.84122362,  1.84122362]]), matrix([[  0.74304456,  12.02377394],
        [  0.74304456,  12.02377394],
        [  0.74304456,  12.02377394]])]
[[0.8322466370947789, -1.7168805591893563], [0.8322466370947789, -1.7168805591893563], [0.8322466370947789, -1.7168805591893563]]
[[1, 1, 1, 1]]
8.13788186604
[matrix([[ 2.64200999,  1.62187896,  1.62187896,  1.62187896]]), matrix([[  0.73232412,  11.86625339],
        [  0.73232412,  11.86625339],
        [  0.73232412,  11.86625339]])]
[[0.757942181095926, -2.9192579531992227], [0.757942181095926, -2.9192579531992227], [0.757942181095926, -2.9192579531992227]]
[[1, 1, 1, 1]]
7.87260633987
[matrix([[ 2.54587276,  1.47318678,  1.47318678,  1.47318678]]), matrix([[  0.7205673 ,  11.69370796],
        [  0.7205673 ,  11.69370796],
        [  0.7205673 ,  11.69370796]])]
[[0.6847097693464584, -4.10588329224582], [0.6847097693464584, -4.10588329224582], [0.6847097693464584, -4.10588329224582]]
[[1, 1, 1, 1]]
7.66018589456
[matrix([[ 2.46852021,  1.35946692,  1.35946692,  1.35946692]]), matrix([[  0.70761628,  11.50387245],
        [  0.70761628,  11.50387245],
        [  0.70761628,  11.50387245]])]
[[0.6126530389749663, -5.275254088211819], [0.6126530389749663, -5.275254088211819], [0.6126530389749663, -5.275254088211819]]
[[1, 1, 1, 1]]
7.46853631707
[matrix([[ 2.40107213,  1.26548891,  1.26548891,  1.26548891]]), matrix([[  0.69327932,  11.29399667],
        [  0.69327932,  11.29399667],
        [  0.69327932,  11.29399667]])]
[[0.5418914112046804, -6.425641332890012], [0.5418914112046804, -6.425641332890012], [0.5418914112046804, -6.425641332890012]]
[[1, 1, 1, 1]]
7.28316850769
[matrix([[ 2.33903591,  1.18371127,  1.18371127,  1.18371127]]), matrix([[  0.67732177,  11.06071474],
        [  0.67732177,  11.06071474],
        [  0.67732177,  11.06071474]])]
[[0.47256347903871915, -7.555040999570144], [0.47256347903871915, -7.555040999570144], [0.47256347903871915, -7.555040999570144]]
[[1, 1, 1, 1]]
7.09591834836
[matrix([[ 2.27987173,  1.11003193,  1.11003193,  1.11003193]]), matrix([[  0.65945446,  10.79987811],
        [  0.65945446,  10.79987811],
        [  0.65945446,  10.79987811]])]
[[0.4048313020195708, -8.661112473815592], [0.4048313020195708, -8.661112473815592], [0.4048313020195708, -8.661112473815592]]
[[1, 1, 1, 1]]
6.90116445193
[matrix([[ 2.22202226,  1.04209235,  1.04209235,  1.04209235]]), matrix([[  0.63931946,  10.5063478 ],
        [  0.63931946,  10.5063478 ],
        [  0.63931946,  10.5063478 ]])]
[[0.33888585560962936, -9.741100284370724], [0.33888585560962936, -9.741100284370724], [0.33888585560962936, -9.741100284370724]]
[[1, 1, 1, 1]]
6.69425824378
[matrix([[ 2.16447658,  0.97850984,  0.97850984,  0.97850984]]), matrix([[  0.61647334,  10.17375036],
        [  0.61647334,  10.17375036],
        [  0.61647334,  10.17375036]])]
[[0.27495390969000155, -10.791735064753501], [0.27495390969000155, -10.791735064753501], [0.27495390969000155, -10.791735064753501]]
[[1, 1, 1, 1]]
6.47074193838
[matrix([[ 2.10655886,  0.91849573,  0.91849573,  0.91849573]]), matrix([[ 0.59037012,  9.79422464],
        [ 0.59037012,  9.79422464],
        [ 0.59037012,  9.79422464]])]
[[0.21330657566701405, -11.809110100783974], [0.21330657566701405, -11.809110100783974], [0.21330657566701405, -11.809110100783974]]
[[1, 1, 1, 1]]
6.22589595248
[matrix([[ 2.04782354,  0.86164941,  0.86164941,  0.86164941]]), matrix([[ 0.56034946,  9.35824093],
        [ 0.56034946,  9.35824093],
        [ 0.56034946,  9.35824093]])]
[[0.15426956352953775, -12.788532564337189], [0.15426956352953775, -12.788532564337189], [0.15426956352953775, -12.788532564337189]]
[[1, 1, 1, 1]]
5.95447584701
[matrix([[ 1.98800681,  0.80783636,  0.80783636,  0.80783636]]), matrix([[ 0.52564363,  8.85468574],
        [ 0.52564363,  8.85468574],
        [ 0.52564363,  8.85468574]])]
[[0.0982346178254789, -13.724356657722623], [0.0982346178254789, -13.724356657722623], [0.0982346178254789, -13.724356657722623]]
[[1, 1, 1, 1]]
5.65065846986
[matrix([[ 1.9270112 ,  0.75710507,  0.75710507,  0.75710507]]), matrix([[ 0.48543097,  8.27161255],
        [ 0.48543097,  8.27161255],
        [ 0.48543097,  8.27161255]])]
[[0.045670254955847284, -14.609825231421002], [0.045670254955847284, -14.609825231421002], [0.045670254955847284, -14.609825231421002]]
[[1, 1, 1, 1]]
5.30836164981
[matrix([[ 1.86545088,  0.709786  ,  0.709786  ,  0.709786  ]]), matrix([[ 0.44204599,  7.64274396],
        [ 0.44204599,  7.64274396],
        [ 0.44204599,  7.64274396]])]
[[-0.0028728422885934413, -15.436986486559949], [-0.0028728422885934413, -15.436986486559949], [-0.0028728422885934413, -15.436986486559949]]
[[1, 1, 1, 1]]
4.94481885068
[matrix([[ 1.81113294,  0.66803389,  0.66803389,  0.66803389]]), matrix([[ 0.44204599,  7.64274396],
        [ 0.44204599,  7.64274396],
        [ 0.44204599,  7.64274396]])]
[[-0.04707744176512469, -16.20126088262816], [-0.04707744176512469, -16.20126088262816], [-0.04707744176512469, -16.20126088262816]]
[[1, 1, 1, 1]]
4.90235263052
[matrix([[ 1.76285034,  0.63092089,  0.63092089,  0.63092089]]), matrix([[ 0.44204599,  7.64274396],
        [ 0.44204599,  7.64274396],
        [ 0.44204599,  7.64274396]])]
[[-0.09128204124165594, -16.96553527869637], [-0.09128204124165594, -16.96553527869637], [-0.09128204124165594, -16.96553527869637]]
[[1, 1, 1, 1]]
4.86480052562
[matrix([[ 1.71965011,  0.59771453,  0.59771453,  0.59771453]]), matrix([[ 0.44204599,  7.64274396],
        [ 0.44204599,  7.64274396],
        [ 0.44204599,  7.64274396]])]
[[-0.1354866407181872, -17.729809674764578], [-0.1354866407181872, -17.729809674764578], [-0.1354866407181872, -17.729809674764578]]
[[1, 1, 1, 1]]
4.83137499821
[matrix([[ 1.6807699,  0.5678288,  0.5678288,  0.5678288]]), matrix([[ 0.44204599,  7.64274396],
        [ 0.44204599,  7.64274396],
        [ 0.44204599,  7.64274396]])]
[[-0.17969124019471844, -18.494084070832788], [-0.17969124019471844, -18.494084070832788], [-0.17969124019471844, -18.494084070832788]]
[[1, 1, 1, 1]]
4.80144684209
[matrix([[ 1.64559257,  0.54078934,  0.54078934,  0.54078934]]), matrix([[ 0.44204599,  7.64274396],
        [ 0.44204599,  7.64274396],
        [ 0.44204599,  7.64274396]])]
[[-0.22389583967124968, -19.258358466900997], [-0.22389583967124968, -19.258358466900997], [-0.22389583967124968, -19.258358466900997]]
[[1, 1, 1, 1]]
4.774507421
[matrix([[ 1.61361318,  0.516208  ,  0.516208  ,  0.516208  ]]), matrix([[ 0.44204599,  7.64274396],
        [ 0.44204599,  7.64274396],
        [ 0.44204599,  7.64274396]])]
[[-0.2681004391477809, -20.022632862969207], [-0.2681004391477809, -20.022632862969207], [-0.2681004391477809, -20.022632862969207]]
[[1, 1, 1, 1]]
4.75014121042
[matrix([[ 1.58441461,  0.49376418,  0.49376418,  0.49376418]]), matrix([[ 0.44204599,  7.64274396],
        [ 0.44204599,  7.64274396],
        [ 0.44204599,  7.64274396]])]
[[-0.3123050386243122, -20.786907259037417], [-0.3123050386243122, -20.786907259037417], [-0.3123050386243122, -20.786907259037417]]
[[1, 1, 1, 1]]
4.72800550669
[matrix([[ 1.55764925,  0.47319067,  0.47319067,  0.47319067]]), matrix([[ 0.44204599,  7.64274396],
        [ 0.44204599,  7.64274396],
        [ 0.44204599,  7.64274396]])]
[[-0.35650963810084346, -21.551181655105626], [-0.35650963810084346, -21.551181655105626], [-0.35650963810084346, -21.551181655105626]]
[[1, 1, 1, 1]]
4.70781521275
[matrix([[ 1.53302512,  0.45426304,  0.45426304,  0.45426304]]), matrix([[ 0.44204599,  7.64274396],
        [ 0.44204599,  7.64274396],
        [ 0.44204599,  7.64274396]])]
[[-0.40071423757737473, -22.315456051173836], [-0.40071423757737473, -22.315456051173836], [-0.40071423757737473, -22.315456051173836]]
[[1, 1, 1, 1]]
4.68933127876
[matrix([[ 1.51029515,  0.43679139,  0.43679139,  0.43679139]]), matrix([[ 0.44204599,  7.64274396],
        [ 0.44204599,  7.64274396],
        [ 0.44204599,  7.64274396]])]
[[-0.444918837053906, -23.079730447242046], [-0.444918837053906, -23.079730447242046], [-0.444918837053906, -23.079730447242046]]
[[1, 1, 1, 1]]
4.67235181334
[matrix([[ 1.48924889,  0.42061393,  0.42061393,  0.42061393]]), matrix([[ 0.44204599,  7.64274396],
        [ 0.44204599,  7.64274396],
        [ 0.44204599,  7.64274396]])]
[[-0.48912343653043727, -23.844004843310255], [-0.48912343653043727, -23.844004843310255], [-0.48912343653043727, -23.844004843310255]]
[[1, 1, 1, 1]]
4.65670517285
[matrix([[ 1.46970593,  0.405592  ,  0.405592  ,  0.405592  ]]), matrix([[ 0.44204599,  7.64274396],
        [ 0.44204599,  7.64274396],
        [ 0.44204599,  7.64274396]])]
[[-0.5333280360069685, -24.608279239378465], [-0.5333280360069685, -24.608279239378465], [-0.5333280360069685, -24.608279239378465]]
[[1, 1, 1, 1]]
4.64224453394
[matrix([[ 1.45151076,  0.39160607,  0.39160607,  0.39160607]]), matrix([[ 0.44204599,  7.64274396],
        [ 0.44204599,  7.64274396],
        [ 0.44204599,  7.64274396]])]
[[-0.5775326354834998, -25.372553635446675], [-0.5775326354834998, -25.372553635446675], [-0.5775326354834998, -25.372553635446675]]
[[1, 1, 1, 1]]
4.62884359124
[matrix([[ 1.4345286 ,  0.37855254,  0.37855254,  0.37855254]]), matrix([[ 0.44204599,  7.64274396],
        [ 0.44204599,  7.64274396],
        [ 0.44204599,  7.64274396]])]
[[-0.621737234960031, -26.136828031514884], [-0.621737234960031, -26.136828031514884], [-0.621737234960031, -26.136828031514884]]
[[1, 1, 1, 1]]
4.61639311731
[matrix([[ 1.41864206,  0.36634116,  0.36634116,  0.36634116]]), matrix([[ 0.44204599,  7.64274396],
        [ 0.44204599,  7.64274396],
        [ 0.44204599,  7.64274396]])]
[[-0.6659418344365622, -26.901102427583094], [-0.6659418344365622, -26.901102427583094], [-0.6659418344365622, -26.901102427583094]]
[[1, 1, 1, 1]]
4.60479819021
